21
0.0000    0.0000   0.0000
-0.0350    0.9776   0.2163
-0.0709    1.9469   -0.0179
-0.0965    2.8114   -0.5158
-0.0844    3.3025   -1.2619
-0.0754    3.5191   -2.2356
-0.0668    3.7737   -3.2160
-0.0925    3.9717   -4.1958
-0.1298    4.1725   -5.1783
-0.2072    4.2104   -6.1702
-0.2328    3.4537   -6.8183
-0.2295    2.4521   -6.9798
-0.2277    1.4771   -7.1046
-0.2059    0.6162   -6.6163
-0.1812    0.3168   -5.6764
-0.1433    0.0702   -4.7257
-0.1155    -0.1450   -3.7504
-0.0741    -0.2937   -2.7782
-0.0546    -0.4867   -1.7917
-0.0337    -0.3851   -0.7954
-0.0186    0.4081   -0.1960
